SB34548_component_60a 129.736758 -3.502771 181.636 0.012574347
SB34548_component_25a 128.142849 -1.034372 194.775 0.004654753
SB34548_component_205a 129.007475 -3.825350 58.765 0.017792113
SB34548_component_240a 125.950012 -3.361348 51.402 0.007992440
SB34548_component_104a 128.272594 -3.286305 107.106 0.007593642
SB34548_component_141a 127.092113 -3.661277 82.434 0.012262173
SB34548_component_629a 125.824400 3.502631 15.400 0.009840757
SB34548_component_139a 129.210339 2.366612 89.158 0.006147873
SB34548_component_238a 130.964743 2.028729 51.448 0.016535163
SB34548_component_181a 124.136910 -0.531055 67.274 0.006131750
SB34548_component_18a 129.955160 3.331184 461.987 0.010512335
SB34548_component_88b 127.022882 -2.455450 43.562 0.004897379
SB34548_component_30b 128.630414 -0.042922 126.837 0.004700526
SB34548_component_2c 123.843774 1.923374 26.622 0.010068345
SB34548_component_158a 126.049248 -0.719848 80.450 0.004580889
SB34548_component_84a 125.715078 2.446721 129.992 0.005592889
SB34548_component_79a 124.904968 3.801513 142.380 0.020028740
SB34548_component_44a 127.416208 3.702713 208.228 0.012637933
SB34548_component_91b 128.953278 -0.949740 81.798 0.004954309
SB34548_component_120a 129.549246 -1.993524 98.069 0.006324818
SB34548_component_165a 129.459883 1.863951 73.503 0.005945453
SB34548_component_108b 129.664344 -2.239809 54.136 0.006623735
SB34548_component_198a 126.978425 -1.365712 60.767 0.004575578
SB34548_component_221a 128.060276 -0.277868 56.483 0.004508727
SB34548_component_264a 127.837653 0.767104 46.471 0.004608857
SB34548_component_46a 129.559630 -0.434001 208.098 0.005140020
SB34548_component_413a 130.059114 1.647218 29.557 0.006048709
SB34548_component_223a 124.670764 1.410306 56.448 0.005428622
SB34548_component_266a 127.560350 -2.881044 47.125 0.005508163
SB34548_component_122a 129.575583 -0.043909 97.097 0.005043196
SB34548_component_167a 130.989614 2.417156 76.893 0.019241227
SB34548_component_346a 124.641892 -3.875255 35.713 0.022544637
SB34548_component_303a 124.363467 -2.088444 40.271 0.006513344
SB34548_component_86a 127.230734 2.474183 123.991 0.004990729
SB34548_component_156b 130.270818 2.982434 52.358 0.008608194
SB34548_component_183a 130.880433 0.485784 66.211 0.010912202
SB34548_component_327a 126.881174 0.810203 36.329 0.004524709
SB34548_component_62a 127.796241 -1.689134 181.536 0.004667290
SB34548_component_27a 127.441167 -1.666428 284.648 0.004694742
SB34548_component_8a 123.994511 1.931966 701.005 0.008309324
SB34548_component_2202a 123.861096 -2.984973 2.991 0.011097778
SB34548_component_106a 127.117187 -3.417037 88.894 0.008167129
SB34548_component_143a 127.255228 0.247741 87.687 0.004347024
SB34548_component_207a 127.800909 1.944654 58.928 0.005046179
SB34548_component_242a 126.430329 2.423145 52.003 0.005129942
SB34548_component_323a 128.022012 3.199983 37.879 0.006733149
SB34548_component_117b 127.677463 2.421246 54.625 0.005055870
SB34548_component_187a 130.005812 -1.810962 68.409 0.006520298
SB34548_component_203a 128.657774 3.180305 57.044 0.007300765
SB34548_component_246a 124.897763 3.369824 50.399 0.010310992
SB34548_component_102a 128.342988 1.360516 109.319 0.004912395
SB34548_component_147a 129.192328 3.477153 85.254 0.011087147
SB34548_component_476a 131.046451 1.820045 25.599 0.017058214
SB34548_component_66a 124.987172 -1.706313 170.728 0.005592717
SB34548_component_23a 129.796486 -2.041753 351.508 0.006633049
SB34548_component_126a 128.495951 2.073536 78.658 0.005225298
SB34548_component_163a 125.207925 -2.029564 78.450 0.005800374
SB34548_component_227a 126.447998 0.318561 55.144 0.004508112
SB34548_component_42a 126.514070 -3.830416 217.218 0.016008921
SB34548_component_82a 126.315935 0.894774 117.858 0.004590323
SB34548_component_342a 123.859794 -0.956068 35.721 0.008283217
SB34548_component_38a 126.562581 0.191642 232.354 0.004483060
SB34548_component_10b 129.958295 1.076089 22.897 0.005457410
SB34548_component_80a 127.540806 1.465340 129.395 0.004736006
SB34548_component_119a 129.181594 1.099394 96.726 0.005166648
SB34548_component_218a 128.458050 -2.659106 57.657 0.005457019
SB34548_component_225a 125.204265 1.595098 53.197 0.005465018
SB34548_component_260a 126.005224 3.298132 36.090 0.007772437
SB34548_component_51c 125.237946 -0.460517 32.659 0.004917435
SB34548_component_124a 128.271868 -0.549638 96.890 0.004621339
SB34548_component_161a 124.146076 0.772733 78.155 0.006080801
SB34548_component_40a 129.949748 -1.372102 226.699 0.005865884
SB34548_component_2b 123.846195 1.915302 576.206 0.010009488
SB34548_component_338a 126.298036 0.076661 35.232 0.004505003
SB34548_component_95b 125.749706 2.620845 58.140 0.005584721
SB34548_component_100a 125.725139 -0.896468 110.425 0.004753135
SB34548_component_145a 126.138634 -1.094299 88.459 0.004592821
SB34548_component_201a 124.402995 -2.727737 52.854 0.007048871
SB34548_component_244a 127.953978 -3.526025 51.154 0.009881910
SB34548_component_64a 126.355910 3.509677 174.081 0.009775946
SB34548_component_21a 127.710710 1.759968 297.933 0.004880019
SB34548_component_99a 130.349103 -1.172139 112.457 0.006463287
SB34548_component_59a 129.693340 -1.688189 176.233 0.006026682
SB34548_component_321a 124.902096 -1.677542 37.740 0.005588077
SB34548_component_185a 127.277655 -2.866972 66.157 0.005318628
SB34548_component_178a 130.024659 -1.731010 66.768 0.006410131
SB34548_component_302a 125.851288 0.163085 38.663 0.004585508
SB34548_component_52b 125.368783 2.513676 169.038 0.005976424
SB34548_component_87a 130.902917 -3.050521 96.314 0.018337335
SB34548_component_173b 127.968582 1.429418 48.019 0.004795797
SB34548_component_267a 126.025236 -0.851179 46.510 0.004559359
SB34548_component_222a 130.254523 1.770845 56.731 0.006872742
SB34548_component_166a 126.881588 3.868405 74.358 0.016091837
SB34548_component_123a 123.506923 1.329521 89.338 0.014339371
SB34548_component_47a 125.039033 3.691664 203.853 0.016070513
SB34548_component_142a 124.852734 1.785342 88.038 0.005753298
SB34548_component_107a 129.599135 1.830948 70.868 0.005973087
SB34548_component_243a 126.342265 1.680342 51.668 0.004869507
SB34548_component_206a 127.851142 -0.938139 59.342 0.004622678
SB34548_component_26a 126.660235 -3.407857 252.505 0.008262737
SB34548_component_63a 130.885121 -1.707068 181.150 0.014346218
SB34548_component_9a 127.659498 -2.711795 676.783 0.005159169
SB34548_component_859a 127.686262 3.562054 10.890 0.009905591
SB34548_component_363a 127.076848 -2.736563 33.908 0.005111407
SB34548_component_182a 129.644297 0.035205 67.219 0.005057538
SB34548_component_213b 130.584784 1.741035 44.591 0.009005480
SB34548_component_283a 130.663599 -0.247771 41.761 0.008404868
SB34548_component_19a 124.667088 -2.262468 294.815 0.006299083
SB34548_component_31b 130.174259 3.331784 142.177 0.010974826
SB34548_component_138a 130.919727 0.219549 88.986 0.012061322
SB34548_component_281a 131.013942 -0.874734 43.642 0.015140272
SB34548_component_239a 127.001732 -0.787979 49.040 0.004481377
SB34548_component_180a 128.338611 -0.272816 55.783 0.004568125
SB34548_component_204a 124.396270 0.577047 58.933 0.005275290
SB34548_component_140a 124.560370 -2.849343 90.020 0.006976610
SB34548_component_105a 130.206146 -1.715767 105.324 0.006949836
SB34548_component_24a 129.386350 -1.190170 339.323 0.005228984
SB34548_component_61a 129.037577 -0.666648 182.225 0.004916457
SB34548_component_208b 123.685499 -2.514297 21.056 0.012658847
SB34548_component_164a 128.604769 1.790849 75.351 0.005162353
SB34548_component_121a 128.717028 -3.267647 94.694 0.008203944
SB34548_component_199a 127.516533 1.578889 60.790 0.004801463
SB34548_component_265a 126.177145 3.007391 45.183 0.005972288
SB34548_component_220a 130.469005 -2.227812 56.536 0.008904278
SB34548_component_45a 128.556182 1.189170 208.086 0.004883909
SB34548_component_85a 127.916418 0.782042 125.638 0.004622067
SB34548_component_495a 125.821558 3.593379 20.780 0.011216517
SB34548_component_78a 128.052122 2.474962 118.294 0.005168682
SB34548_component_300a 129.330728 1.497562 40.219 0.005573662
SB34548_component_3c 126.456110 3.160841 8.782 0.006648409
SB34548_component_311c 123.819484 -1.410257 13.757 0.009042524
SB34548_component_159a 125.163445 1.019881 85.399 0.004967032
SB34548_component_311b 123.814257 -1.424457 24.189 0.009108891
SB34548_component_3b 126.461272 3.156198 73.258 0.006617474
SB34548_component_41a 125.396920 1.041768 217.663 0.004872936
SB34548_component_261a 124.125825 -2.101157 44.292 0.007403219
SB34548_component_224a 126.157472 3.743062 50.566 0.014275459
SB34548_component_160a 128.241461 -1.111061 79.109 0.004668437
SB34548_component_125a 128.872596 -0.798539 96.187 0.004900424
SB34548_component_231b 129.820695 -1.701442 31.933 0.006108980
SB34548_component_118a 127.193109 0.660693 97.048 0.004504928
SB34548_component_559b 126.186750 2.232158 12.190 0.005170362
SB34548_component_130b 124.259783 1.691230 45.144 0.006564756
SB34548_component_219a 125.918252 -2.318277 57.340 0.005277089
SB34548_component_39a 130.549168 -1.839413 231.610 0.009337894
SB34548_component_304a 125.082502 -2.982346 30.834 0.006996961
SB34548_component_81a 128.948390 -1.789576 136.371 0.005442688
SB34548_component_114b 128.177741 -1.536340 66.881 0.004802773
SB34548_component_184a 129.668300 -2.106190 66.406 0.006579810
SB34548_component_179a 124.080136 -1.312256 67.691 0.006763974
SB34548_component_285a 124.956558 2.839161 40.409 0.006743807
SB34548_component_58a 126.061871 -3.350759 154.213 0.007901148
SB34548_component_20a 129.723547 -0.631488 449.544 0.005194341
SB34548_component_65a 125.599608 1.891112 172.854 0.005409845
SB34548_component_98a 126.908803 -3.077984 81.239 0.006051961
SB34548_component_144a 127.635200 3.532851 88.232 0.009497634
SB34548_component_101a 123.603466 -0.495878 102.938 0.011250864
SB34548_component_245a 127.019641 2.370237 50.821 0.004999673
SB34548_component_200a 130.631921 -0.104524 59.778 0.008097551
SB34548_component_22a 128.328968 3.841906 349.379 0.016352534
SB34548_component_67a 123.840798 -1.898543 169.806 0.009826227
SB34548_component_696a 128.116821 0.650729 17.969 0.004671904
SB34548_component_247a 127.824063 -1.746873 50.519 0.004742744
SB34548_component_202a 129.318153 -2.837134 59.476 0.006984963
SB34548_component_146a 128.200641 3.692791 87.663 0.012788942
SB34548_component_103a 128.171554 -0.284968 108.755 0.004542253
SB34548_component_193b 129.592801 2.582459 48.739 0.006516730
SB34548_component_287a 125.959943 1.932029 45.878 0.005038273
SB34548_component_186a 126.589046 -3.454907 64.500 0.008816082
SB34548_component_83a 124.445668 -1.222113 131.436 0.005447237
SB34548_component_43a 128.983671 -0.814383 212.524 0.004931288
SB34548_component_96b 128.891311 -1.849965 16.974 0.005450133
SB34548_component_162a 130.749563 0.221274 78.002 0.009262981
SB34548_component_127a 128.414776 -2.938532 94.992 0.005907192
SB34548_component_263a 123.902345 0.296995 46.956 0.007458656
SB34548_component_226a 123.612773 0.597603 54.936 0.011121879
SB34548_component_372a 126.671342 1.381807 34.363 0.004681502
SB34548_component_337a 129.323002 -3.608850 37.194 0.014498536
SB34548_component_193a 129.583552 2.589490 61.206 0.006530385
SB34548_component_217a 127.661866 0.256867 57.083 0.004419552
SB34548_component_252a 124.253440 3.746958 49.354 0.020566422
SB34548_component_116a 126.244953 -1.980669 99.894 0.004917052
SB34548_component_153a 129.980775 2.862312 82.405 0.007488793
SB34548_component_726a 127.481758 -2.089041 16.256 0.004856071
SB34548_component_462a 127.475678 -3.488551 29.092 0.009070735
SB34548_component_107c 129.596430 1.836601 40.973 0.005981365
SB34548_component_72a 124.836468 -1.131618 156.407 0.005089500
SB34548_component_37a 128.517991 2.849487 233.724 0.005817258
SB34548_component_132a 129.835873 -1.615890 92.739 0.005945179
SB34548_component_177a 130.449772 0.357035 68.108 0.006719917
SB34548_component_233a 125.053780 -1.097933 52.924 0.005013862
SB34548_component_276a 124.777098 -0.757110 44.599 0.005004707
SB34548_component_13a 129.407947 0.851624 572.584 0.005201777
SB34548_component_403a 125.656191 -1.608353 31.844 0.004804640
SB34548_component_96a 128.892254 -1.850537 100.664 0.005454833
SB34548_component_1a 123.866079 -3.141160 2299.084 0.012539492
SB34548_component_356a 128.168581 0.007991 32.670 0.004518764
SB34548_component_313a 130.412417 2.507955 36.727 0.008315594
SB34548_component_479a 125.869169 3.623277 27.126 0.011742825
SB34548_component_69a 124.171425 -2.295853 168.177 0.007449052
SB34548_component_94a 130.850009 2.023913 117.123 0.013559437
SB34548_component_3a 126.459959 3.156271 1042.391 0.006617600
SB34548_component_78c 128.050372 2.473888 40.329 0.005168999
SB34548_component_224b 126.172557 3.732964 18.088 0.014034585
SB34548_component_148a 123.460888 1.033786 86.489 0.015374990
SB34548_component_249a 125.339245 0.160673 49.784 0.004746480
SB34548_component_188a 128.418199 1.240986 65.239 0.004826898
SB34548_component_231a 129.826262 -1.698423 48.745 0.006116312
SB34548_component_274a 124.109099 -0.099817 45.142 0.006158427
SB34548_component_289a 130.886383 -0.248211 39.886 0.011531232
SB34548_component_130a 124.263012 1.686189 92.846 0.006552359
SB34548_component_175a 129.119218 -3.713732 69.962 0.016933624
SB34548_component_54a 127.361041 1.118052 192.081 0.004594630
SB34548_component_11a 123.617736 0.792806 630.155 0.011449631
SB34548_component_114a 128.174374 -1.540068 98.518 0.004803735
SB34548_component_151a 124.456596 -1.883027 84.111 0.006308094
SB34548_component_285b 124.965057 2.845460 38.574 0.006753509
SB34548_component_215a 127.537636 2.744432 57.026 0.005240984
SB34548_component_250a 123.978347 3.112035 51.813 0.010628441
SB34548_component_70a 129.579136 -0.781112 160.128 0.005231566
SB34548_component_35a 125.525980 2.296678 235.063 0.005749988
SB34548_component_460a 130.973909 2.618482 20.227 0.018110350
SB34548_component_58b 126.060420 -3.347495 135.782 0.007871061
SB34548_component_98b 126.906688 -3.076302 53.383 0.006048699
SB34548_component_370a 127.329636 0.003809 31.596 0.004302899
SB34548_component_228a 128.754774 2.389830 55.466 0.005629458
SB34548_component_191a 126.196493 1.701640 67.385 0.004901385
SB34548_component_101b 123.598975 -0.495055 85.587 0.011348379
SB34548_component_129a 127.280951 -0.233617 84.475 0.004320443
SB34548_component_19c 124.665776 -2.262216 76.750 0.006299083
SB34548_component_89a 124.226240 0.208677 120.177 0.005576557
SB34548_component_19b 124.667684 -2.260024 244.659 0.006297052
SB34548_component_74a 127.803071 -2.619117 154.354 0.005031055
SB34548_component_31a 130.172787 3.331441 144.659 0.010972612
SB34548_component_211a 130.978018 2.713488 46.031 0.018176194
SB34548_component_254a 125.875896 -3.793264 46.417 0.016381714
SB34548_component_180b 128.337494 -0.272925 12.417 0.004565363
SB34548_component_110a 129.157216 -0.031152 101.154 0.004934796
SB34548_component_155a 127.509007 1.064683 80.914 0.004618649
SB34548_component_168a 129.234595 -0.299245 67.972 0.004989537
SB34548_component_269a 130.423091 2.803442 45.893 0.009208553
SB34548_component_195a 125.480116 -0.933546 61.668 0.004808319
SB34548_component_105b 130.223566 -1.717282 99.791 0.007015962
SB34548_component_49a 124.220917 -2.760522 169.232 0.007391838
SB34548_component_208a 123.687718 -2.512467 44.094 0.012583941
SB34548_component_265b 126.189044 3.003003 33.219 0.005937446
SB34548_component_109a 125.380245 -3.831615 101.430 0.018379308
SB34548_component_90a 128.401619 -3.759538 112.938 0.015428651
SB34548_component_7a 129.630152 -1.568946 797.021 0.005854493
SB34548_component_350a 125.107910 2.443063 35.070 0.006142348
SB34548_component_315a 126.390259 1.148683 38.800 0.004618105
SB34548_component_28a 130.156524 -3.275235 306.197 0.009923385
SB34548_component_495b 125.820080 3.588968 7.993 0.011137164
SB34548_component_328a 127.665742 2.539249 37.093 0.005057850
SB34548_component_50a 130.214675 -0.760062 200.598 0.005908565
SB34548_component_15a 124.519488 0.453639 526.228 0.005026466
SB34548_component_78b 128.038152 2.466937 69.439 0.005170555
SB34548_component_134a 128.635475 -1.573014 89.636 0.004907506
SB34548_component_171a 130.489247 -0.041226 72.150 0.006965567
SB34548_component_235a 129.252731 2.011863 52.937 0.005972183
SB34548_component_270a 128.049536 -2.995388 45.980 0.005988056
SB34548_component_87b 130.905736 -3.049556 77.963 0.018431090
SB34548_component_52a 125.373478 2.529933 195.913 0.005970773
SB34548_component_17a 125.751876 -0.202671 472.851 0.004644622
